Iteration	CPUTime	PhysTime	Travels	Value	AvValue	MinValue	MaxValue	Delta	Criteria	PrevAvRefValue	Progress	CriteriaType	CriteriaVarType	CriteriaPercentage
1	2	0	0.0142246	313.058511	313.058511	313.058511	313.058511	0	0	0	0	0	0	3
2	3	0	0.0284492	313.058512	313.058512	313.058511	313.058512	2.61352113e-07	0	0	0	0	0	3
3	3	0	0.0426738	313.058519	313.058514	313.058511	313.058519	2.77900244e-06	0	0	0	0	0	3
4	3	0	0.0568984	313.058529	313.058518	313.058511	313.058529	6.4063604e-06	0	0	0	0	0	3
5	4	0	0.071123	313.058539	313.058522	313.058511	313.058539	1.05862363e-05	0	0	0	0	0	3
6	4	0	0.0853476	313.058557	313.058528	313.058511	313.058557	1.64309081e-05	0	0	0	0	0	3
7	5	0	0.0995722	313.05858	313.058535	313.058511	313.05858	2.39041007e-05	0	0	0	0	0	3
8	5	0	0.1137968	313.058604	313.058544	313.058511	313.058604	3.2534101e-05	0	0	0	0	0	3
9	5	0	0.1280214	313.058629	313.058553	313.058511	313.058629	4.19683262e-05	0	0	0	0	0	3
10	6	0	0.142246	313.058653	313.058563	313.058511	313.058653	5.19011513e-05	0	0	0	0	0	3
11	6	0	0.1564706	313.058688	313.058575	313.058511	313.058688	6.32707716e-05	0	0	0	0	0	3
12	6	0	0.1706952	313.058717	313.058587	313.058511	313.058717	7.51541584e-05	0	0	0	0	0	3
13	7	0	0.1849198	313.058738	313.058598	313.058511	313.058738	8.68019089e-05	0	0	0	0	0	3
14	7	0	0.1991444	313.058757	313.05861	313.058511	313.058757	9.81207259e-05	0	0	0	0	0	3
15	8	0	0.213369	313.058774	313.058621	313.058511	313.058774	0.000109105166	0	0	0	0	0	3
16	8	0	0.2275936	313.058807	313.058632	313.058511	313.058807	0.000120782037	0	0	0	0	0	3
17	8	0	0.2418182	313.058841	313.058644	313.058511	313.058841	0.000133048074	0	0	0	0	0	3
18	9	0	0.2560428	313.058875	313.058657	313.058511	313.058875	0.00014586882	0	0	0	0	0	3
19	9	0	0.2702674	313.058911	313.058671	313.058511	313.058911	0.000159224865	0	0	0	0	0	3
20	10	0	0.284492	313.058947	313.058684	313.058511	313.058947	0.000173049238	0	0	0	0	0	3
21	10	0	0.2987166	313.059013	313.0587	313.058511	313.059013	0.000188686224	0	0	0	0	0	3
22	10	0	0.3129412	313.059069	313.058717	313.058511	313.059069	0.000205450031	0	0	0	0	0	3
23	11	0	0.3271658	313.059118	313.058734	313.058511	313.059118	0.000222898655	0	0	0	0	0	3
24	11	0	0.3413904	313.059158	313.058752	313.058511	313.059158	0.00024053569	0	0	0	0	0	3
25	12	0	0.355615	313.059189	313.058769	313.058511	313.059189	0.000258013674	0	0	0	0	0	3
26	12	0	0.3698396	313.059235	313.058787	313.058511	313.059235	0.000275906226	0	0	0	0	0	3
27	12	0	0.3840642	313.059254	313.058805	313.058511	313.059254	0.000293203013	0	0	0	0	0	3
28	13	0	0.3982888	313.059251	313.058821	313.058511	313.059254	0.000309150264	0	0	0	0	0	3
29	13	0	0.4125134	313.059224	313.058834	313.058511	313.059254	0.00032306385	0	0	0	0	0	3
30	13	0	0.426738	313.05918	313.058846	313.058511	313.059254	0.000334596538	0	0	0	0	0	3
31	14	0	0.4409626	313.059108	313.058854	313.058511	313.059254	0.000343054299	0	0	0	0	0	3
32	14	0	0.4551872	313.059025	313.05886	313.058511	313.059254	0.000348390251	0	0	0	0	0	3
33	15	0	0.4694118	313.058936	313.058862	313.058511	313.059254	0.000350699565	0	0	0	0	0	3
34	15	0	0.4836364	313.058845	313.058862	313.058511	313.059254	0.000350699565	0	0	0	0	0	3
35	15	0	0.497861	313.058765	313.058859	313.058511	313.059254	0.000350699565	0	0	0	0	0	3
36	16	0	0.5120856	313.058679	313.058854	313.058511	313.059254	0.000350699565	0	0	0	0	0	3
37	16	0	0.5263102	313.058595	313.058856	313.058512	313.059254	0.000350438212	0	0	0	0	0	3
38	17	0	0.5405348	313.058508	313.058856	313.058508	313.059254	0.000347920562	0	0	0	0	0	3
39	17	0	0.5547594	313.058413	313.058853	313.058413	313.059254	0.000344293204	0	0	0	0	0	3
40	17	0	0.568984	313.058301	313.058847	313.058301	313.059254	0.000340113328	0	0	0	0	0	3
41	18	0	0.5832086	313.05814	313.058836	313.05814	313.059254	0.000334268656	0	0	0	0	0	3
42	18	0	0.5974332	313.057925	313.058818	313.057925	313.059254	0.000326795464	0	0	0	0	0	3
43	19	0	0.6116578	313.057547	313.058789	313.057547	313.059254	0.000318165464	0	0	0	0	0	3
44	19	0	0.6258824	313.057091	313.058747	313.057091	313.059254	0.000308731238	0	0	0	0	0	3
45	19	0	0.640107	313.056574	313.05869	313.056574	313.059254	0.000298798413	0	0	0	0	0	3
46	20	0	0.6543316	313.056007	313.058617	313.056007	313.059254	0.000287428793	0	0	0	0	0	3
47	20	0	0.6685562	313.055375	313.058525	313.055375	313.059254	0.000337326887	0	0	0	0	0	3
48	20	0	0.6827808	313.054808	313.058416	313.054808	313.059254	0.000445919992	0	0	0	0	0	3
49	21	0	0.6970054	313.054585	313.058301	313.054585	313.059254	0.000561279009	0	0	0	0	0	3
50	21	0	0.71123	313.055156	313.058201	313.054585	313.059254	0.000661303419	0	0	0	0	0	3
51	22	0	0.7254546	313.056484	313.058137	313.054585	313.059254	0.000724916451	0	0	0	0	0	3
52	22	0	0.7396792	313.058232	313.058121	313.054585	313.059254	0.0007409017	0	0	0	0	0	3
53	22	0	0.7539038	313.059292	313.058134	313.054585	313.059292	0.0007409017	0	0	0	0	0	3
54	23	0	0.7681284	313.059285	313.058145	313.054585	313.059292	0.0007409017	0	0	0	0	0	3
55	23	0	0.782353	313.05872	313.05814	313.054585	313.059292	0.0007409017	0	0	0	0	0	3
56	24	0	0.7965776	313.058262	313.058121	313.054585	313.059292	0.000741330266	0	0	0	0	0	3
57	24	0	0.8108022	313.05812	313.058096	313.054585	313.059292	0.000766138677	0	0	0	0	0	3
58	25	0	0.8250268	313.058234	313.058073	313.054585	313.059292	0.00078931756	0	0	0	0	0	3
59	25	0	0.8392514	313.058377	313.058052	313.054585	313.059292	0.000809903008	0	0	0	0	0	3
60	25	0	0.853476	313.058411	313.058031	313.054585	313.059292	0.000830644238	0	0	0	0	0	3
61	26	0	0.8677006	313.058373	313.058009	313.054585	313.059292	0.000853301685	0	0	0	0	0	3
62	26	0	0.8819252	313.058314	313.057983	313.054585	313.059292	0.000878868515	0	0	0	0	0	3
63	27	0	0.8961498	313.058227	313.057955	313.054585	313.059292	0.000907408165	0	0	0	0	0	3
64	27	0	0.9103744	313.058083	313.057922	313.054585	313.059292	0.000939864863	0	0	0	0	0	3
65	28	0	0.924599	313.057842	313.057884	313.054585	313.059292	0.000978252038	0	0	0	0	0	3
66	28	0	0.9388236	313.057474	313.057836	313.054585	313.059292	0.00102564556	0	0	0	0	0	3
67	28	0	0.9530482	313.057018	313.057778	313.054585	313.059292	0.00108371102	0	0	0	0	0	3
68	29	0	0.9672728	313.056536	313.057709	313.054585	313.059292	0.00115284369	0	0	0	0	0	3
69	29	0	0.9814974	313.056092	313.05763	313.054585	313.059292	0.00123136275	0	0	0	0	0	3
70	30	0	0.995722	313.055751	313.057544	313.054585	313.059292	0.0013145538	0	0	0	0	0	3
71	30	0	1.0099466	313.055518	313.057454	313.054585	313.059292	0.00140206839	0.000141192774	0	10	0	0	3
72	30	0	1.0241712	313.055428	313.057364	313.054585	313.059292	0.00149238353	0.000141192774	0	9.4	0	0	3
73	31	0	1.0383958	313.055417	313.057276	313.054585	313.059292	0.00158054487	0.000141192774	0	8.9	0	0	3
74	31	0	1.0526204	313.055447	313.057191	313.054585	313.059292	0.00166261859	0.000141192774	0	8.4	0	0	3
75	32	0	1.066845	313.055492	313.057109	313.054585	313.059292	0.00173741391	0.000141192774	0	8.1	0	0	3
76	32	0	1.0810696	313.055599	313.057034	313.054585	313.059292	0.0018013843	0.000141192774	0	7.8	0	0	3
77	33	0	1.0952942	313.055766	313.056968	313.054585	313.059292	0.00184973956	0.000141192774	0	7.6	0	0	3
78	33	0	1.1095188	313.055962	313.056914	313.054585	313.059292	0.00187555478	0.000141192774	0	7.5	0	0	3
79	34	0	1.1237434	313.056151	313.056875	313.054585	313.059292	0.00187229624	0.000141192774	0	7.5	0	0	3
80	34	0	1.137968	313.056296	313.056853	313.054585	313.059292	0.00183732061	0.000141192774	0	7.6	0	0	3
81	35	0	1.1521926	313.05639	313.056848	313.054585	313.059292	0.00176892797	0.000141192774	0	7.9	0	0	3
82	35	0	1.1664172	313.056437	313.05686	313.054585	313.059292	0.00167688214	0.000141192774	0	8.4	0	0	3
83	36	0	1.1806418	313.056473	313.05689	313.054585	313.059292	0.00156828904	0.000141192774	0	9	0	0	3
84	36	0	1.1948664	313.0565	313.056937	313.054585	313.059292	0.00145293002	0.000141192774	0	9.7	0	0	3
85	36	0	1.209091	313.056525	313.056991	313.055156	313.059292	0.00135290561	0.000141192774	0	10.4	0	0	3
86	37	0	1.2233156	313.056533	313.05703	313.055417	313.059292	0.0012972092	0.000141192774	0	10.8	0	0	3
87	37	0	1.2375402	313.056527	313.057031	313.055417	313.059292	0.0012972092	0.000141192774	0	10.8	0	0	3
88	38	0	1.2517648	313.0565	313.056983	313.055417	313.059292	0.0012972092	0.000141192774	0	10.8	0	0	3
89	38	0	1.2659894	313.056477	313.056904	313.055417	313.059285	0.0012972092	0.000141192774	0	10.8	0	0	3
90	39	0	1.280214	313.056467	313.056826	313.055417	313.05872	0.0013136542	0.000141192774	0	10.7	0	0	3
91	39	0	1.2944386	313.056465	313.056764	313.055417	313.058411	0.00135727552	0.000141192774	0	10.4	0	0	3
92	39	0	1.3086632	313.05645	313.056713	313.055417	313.058411	0.00138279838	0.000141192774	0	10.2	0	0	3
93	40	0	1.3228878	313.056442	313.056667	313.055417	313.058411	0.00140622044	0.000141192774	0	10	0	0	3
94	40	0	1.3371124	313.056425	313.056616	313.055417	313.058411	0.00143588468	0.000141192774	0	9.8	0	0	3
95	41	0	1.351337	313.056424	313.056562	313.055417	313.058411	0.00146939983	0.000141192774	0	9.6	0	0	3
96	41	0	1.3655616	313.056412	313.056507	313.055417	313.058373	0.0015022688	0.000141192774	0	9.3	0	0	3
97	42	0	1.3797862	313.05641	313.056452	313.055417	313.058314	0.00153124224	0.000141192774	0	9.2	0	0	3
98	42	0	1.3940108	313.056393	313.056399	313.055417	313.058227	0.00155607874	0.000141192774	0	9	0	0	3
99	42	0	1.4082354	313.056377	313.056347	313.055417	313.058083	0.00157499683	0.000141192774	0	8.9	0	0	3
100	43	0	1.42246	313.056344	313.056299	313.055417	313.057842	0.00158491902	0.000141192774	0	8.9	0	0	3
101	44	0	1.4366846	313.056332	313.056257	313.055417	313.057474	0.0015794852	0.000141192774	0	8.9	0	0	3
102	44	0	1.4509092	313.056304	313.056224	313.055417	313.057018	0.00155393409	0.000141192774	0	9	0	0	3
103	44	0	1.4651338	313.056298	313.056204	313.055417	313.056536	0.00111905574	0.000141192774	0	12.6	0	0	3
104	45	0	1.4793584	313.056289	313.056198	313.055417	313.056533	0.00111606391	0.000141192774	0	12.6	0	0	3
105	45	0	1.493583	313.056302	313.056203	313.055417	313.056533	0.00111606391	0.000141192774	0	12.6	0	0	3
106	46	0	1.5078076	313.056316	313.056219	313.055417	313.056533	0.00111606391	0.000141192774	0	12.6	0	0	3
107	46	0	1.5220322	313.05634	313.056242	313.055417	313.056533	0.00111606391	0.000141192774	0	12.6	0	0	3
108	47	0	1.5362568	313.056348	313.056268	313.055417	313.056533	0.0010779499	0.000141192774	0	13	0	0	3
109	47	0	1.5504814	313.056345	313.056293	313.055447	313.056533	0.00099291571	0.000141192774	0	14.2	0	0	3
110	47	0	1.564706	313.05633	313.056318	313.055492	313.056533	0.000911788279	0.000141192774	0	15.4	0	0	3
111	48	0	1.5789306	313.056335	313.056341	313.055599	313.056533	0.000836734745	0.000141192774	0	16.8	0	0	3
112	48	0	1.5931552	313.056349	313.056362	313.055766	313.056533	0.000767077058	0.000141192774	0	18.4	0	0	3
113	49	0	1.6073798	313.056372	313.056379	313.055962	313.056533	0.000571293377	0.000141192774	0	24.7	0	0	3
114	49	0	1.6216044	313.056374	313.05639	313.056151	313.056533	0.000381989346	0.000141192774	0	36.9	0	0	3
115	49	0	1.635829	313.056383	313.056397	313.056289	313.056533	0.00024485834	0.000141192774	0	57.6	0	0	3
116	50	0	1.6500536	313.056379	313.056399	313.056289	313.056533	0.00024485834	0.000141192774	0	57.6	0	0	3
117	50	0	1.6642782	313.056388	313.056399	313.056289	313.056533	0.00024485834	0.000141192774	0	57.6	0	0	3
118	51	0	1.6785028	313.056395	313.056398	313.056289	313.056533	0.00024485834	0.000141192774	0	57.6	0	0	3
119	51	0	1.6927274	313.056418	313.056396	313.056289	313.056533	0.00024485834	0.000141192774	0	57.6	0	0	3
120	51	0	1.706952	313.056412	313.056394	313.056289	313.056533	0.00024485834	0.000141192774	0	57.6	0	0	3
121	52	0	1.7211766	313.056409	313.056391	313.056289	313.056533	0.00024485834	0.000141192774	0	57.6	0	0	3
122	52	0	1.7354012	313.056386	313.056387	313.056289	313.056527	0.000238381358	0.000141192774	0	59.2	0	0	3
123	53	0	1.7496258	313.056368	313.056382	313.056289	313.0565	0.00021090944	0.000141192774	0	66.9	0	0	3
124	53	0	1.7638504	313.056347	313.056378	313.056289	313.056477	0.000188194016	0.000141192774	0	75	0	0	3
125	53	0	1.778075	313.056349	313.056374	313.056289	313.056467	0.000178885865	0.000141192774	0	78.9	0	0	3
126	54	0	1.7922996	313.056343	313.056371	313.056289	313.056465	0.000176191907	0.000141192774	0	80.1	0	0	3
127	54	0	1.8065242	313.056351	313.056368	313.056289	313.05645	0.000161873534	0.000141192774	0	87.2	0	0	3
128	55	0	1.8207488	313.056345	313.056365	313.056289	313.056442	0.000153510639	0.000141192774	0	91.9	0	0	3
129	55	0	1.8349734	313.056348	313.056362	313.056289	313.056425	0.000136882958	0.000141192774	0	100	0	0	3
