Iteration	CPUTime	PhysTime	Travels	Value	AvValue	MinValue	MaxValue	Delta	Criteria	PrevAvRefValue	Progress	CriteriaType	CriteriaVarType	CriteriaPercentage
1	2	0	0.0142246	101331.302	101331.302	101331.302	101331.302	0	0	0	0	0	0	3
2	3	0	0.0284492	101363.048	101347.175	101331.302	101363.048	15.873335	0	0	0	0	0	3
3	3	0	0.0426738	101423.522	101372.624	101331.302	101423.522	41.3222656	0	0	0	0	0	3
4	3	0	0.0568984	101479.987	101399.465	101331.302	101479.987	68.162953	0	0	0	0	0	3
5	4	0	0.071123	101510.968	101421.765	101331.302	101510.968	90.4635454	0	0	0	0	0	3
6	4	0	0.0853476	101548.044	101442.812	101331.302	101548.044	111.509958	0	0	0	0	0	3
7	5	0	0.0995722	101566.909	101460.54	101331.302	101566.909	129.238103	0	0	0	0	0	3
8	5	0	0.1137968	101539.501	101470.41	101331.302	101566.909	139.108275	0	0	0	0	0	3
9	5	0	0.1280214	101458.488	101469.085	101331.302	101566.909	139.108275	0	0	0	0	0	3
10	6	0	0.142246	101343.746	101456.551	101331.302	101566.909	139.108275	0	0	0	0	0	3
11	6	0	0.1564706	101175.292	101430.982	101175.292	101566.909	139.108275	0	0	0	0	0	3
12	6	0	0.1706952	101070.592	101400.95	101070.592	101566.909	139.108275	0	0	0	0	0	3
13	7	0	0.1849198	101039.116	101373.116	101039.116	101566.909	139.108275	0	0	0	0	0	3
14	7	0	0.1991444	101070.93	101351.532	101039.116	101566.909	139.108275	0	0	0	0	0	3
15	8	0	0.213369	101146.844	101337.886	101039.116	101566.909	139.108275	0	0	0	0	0	3
16	8	0	0.2275936	101284.333	101334.539	101039.116	101566.909	139.108275	0	0	0	0	0	3
17	8	0	0.2418182	101385.417	101337.532	101039.116	101566.909	139.108275	0	0	0	0	0	3
18	9	0	0.2560428	101425.286	101342.407	101039.116	101566.909	139.108275	0	0	0	0	0	3
19	9	0	0.2702674	101411.534	101346.045	101039.116	101566.909	139.108275	0	0	0	0	0	3
20	10	0	0.284492	101370.006	101347.243	101039.116	101566.909	139.108275	0	0	0	0	0	3
21	10	0	0.2987166	101315.361	101345.725	101039.116	101566.909	139.108275	0	0	0	0	0	3
22	10	0	0.3129412	101291.1	101343.242	101039.116	101566.909	139.108275	0	0	0	0	0	3
23	11	0	0.3271658	101288.134	101340.846	101039.116	101566.909	139.108275	0	0	0	0	0	3
24	11	0	0.3413904	101292.921	101338.849	101039.116	101566.909	139.108275	0	0	0	0	0	3
25	12	0	0.355615	101296.129	101337.14	101039.116	101566.909	139.108275	0	0	0	0	0	3
26	12	0	0.3698396	101292.527	101335.424	101039.116	101566.909	139.108275	0	0	0	0	0	3
27	12	0	0.3840642	101285.607	101333.579	101039.116	101566.909	139.108275	0	0	0	0	0	3
28	13	0	0.3982888	101278.31	101331.605	101039.116	101566.909	139.108275	0	0	0	0	0	3
29	13	0	0.4125134	101271.775	101329.542	101039.116	101566.909	140.867652	0	0	0	0	0	3
30	13	0	0.426738	101265.913	101327.421	101039.116	101566.909	142.988623	0	0	0	0	0	3
31	14	0	0.4409626	101259.207	101325.221	101039.116	101566.909	145.189096	0	0	0	0	0	3
32	14	0	0.4551872	101252.262	101322.941	101039.116	101566.909	147.469053	0	0	0	0	0	3
33	15	0	0.4694118	101245.336	101320.589	101039.116	101566.909	149.820706	0	0	0	0	0	3
34	15	0	0.4836364	101238.982	101318.189	101039.116	101566.909	152.220924	0	0	0	0	0	3
35	15	0	0.497861	101233.262	101315.763	101039.116	101566.909	154.64741	0	0	0	0	0	3
36	16	0	0.5120856	101228.214	101313.331	101039.116	101566.909	157.079308	0	0	0	0	0	3
37	16	0	0.5263102	101221.83	101310.29	101039.116	101566.909	160.1202	0	0	0	0	0	3
38	17	0	0.5405348	101214.595	101306.166	101039.116	101566.909	164.243898	0	0	0	0	0	3
39	17	0	0.5547594	101207.612	101300.169	101039.116	101566.909	170.24138	0	0	0	0	0	3
40	17	0	0.568984	101201.349	101292.429	101039.116	101566.909	177.981303	0	0	0	0	0	3
41	18	0	0.5832086	101198.005	101283.735	101039.116	101566.909	186.674719	0	0	0	0	0	3
42	18	0	0.5974332	101194.884	101273.925	101039.116	101566.909	196.484719	0	0	0	0	0	3
43	19	0	0.6116578	101192.037	101263.512	101039.116	101539.501	206.897811	0	0	0	0	0	3
44	19	0	0.6258824	101189.934	101253.802	101039.116	101458.488	215.283371	0	0	0	0	0	3
45	19	0	0.640107	101188.467	101246.301	101039.116	101425.286	210.250045	0	0	0	0	0	3
46	20	0	0.6543316	101187.867	101241.971	101039.116	101425.286	189.010993	0	0	0	0	0	3
47	20	0	0.6685562	101189.512	101242.366	101039.116	101425.286	158.978435	0	0	0	0	0	3
48	20	0	0.6827808	101193.894	101245.791	101039.116	101425.286	131.145056	0	0	0	0	0	3
49	21	0	0.6970054	101201.733	101250.309	101070.93	101425.286	109.560306	0	0	0	0	0	3
50	21	0	0.71123	101213.248	101254.262	101146.844	101425.286	105.271799	0	0	0	0	0	3
51	22	0	0.7254546	101225.903	101256.458	101187.867	101425.286	105.271799	0	0	0	0	0	3
52	22	0	0.7396792	101234.603	101255.077	101187.867	101425.286	105.271799	0	0	0	0	0	3
53	22	0	0.7539038	101236.766	101250.947	101187.867	101425.286	105.271799	0	0	0	0	0	3
54	23	0	0.7681284	101235.141	101245.666	101187.867	101411.534	105.271799	0	0	0	0	0	3
55	23	0	0.782353	101232.553	101240.694	101187.867	101370.006	106.549307	0	0	0	0	0	3
56	24	0	0.7965776	101229.448	101236.789	101187.867	101315.361	108.935532	0	0	0	0	0	3
57	24	0	0.8108022	101225.32	101234.288	101187.867	101296.129	108.261206	0	0	0	0	0	3
58	25	0	0.8250268	101220.031	101232.314	101187.867	101296.129	108.261206	0	0	0	0	0	3
59	25	0	0.8392514	101214.443	101230.267	101187.867	101296.129	108.261206	0	0	0	0	0	3
60	25	0	0.853476	101209.317	101227.945	101187.867	101296.129	108.261206	0	0	0	0	0	3
61	26	0	0.8677006	101204.98	101225.413	101187.867	101292.527	104.659509	0	0	0	0	0	3
62	26	0	0.8819252	101201.769	101222.892	101187.867	101285.607	97.7392055	0	0	0	0	0	3
63	27	0	0.8961498	101199.743	101220.507	101187.867	101278.31	90.4427962	0	0	0	0	0	3
64	27	0	0.9103744	101198.76	101218.297	101187.867	101271.775	83.9072289	0	0	0	0	0	3
65	28	0	0.924599	101198.633	101216.265	101187.867	101265.913	78.0457822	0	0	0	0	0	3
66	28	0	0.9388236	101198.962	101214.406	101187.867	101259.207	71.3393118	0	0	0	0	0	3
67	28	0	0.9530482	101199.591	101212.75	101187.867	101252.262	64.394886	0	0	0	0	0	3
68	29	0	0.9672728	101200.607	101211.315	101187.867	101245.336	57.4689832	0	0	0	0	0	3
69	29	0	0.9814974	101202.129	101210.115	101187.867	101238.982	51.1144528	0	0	0	0	0	3
70	30	0	0.995722	101204.316	101209.152	101187.867	101236.766	48.8984214	0	0	0	0	0	3
71	30	0	1.0099466	101207.108	101208.425	101187.867	101236.766	48.8984214	15.8337819	0	0	0	0	3
72	30	0	1.0241712	101210.076	101207.921	101187.867	101236.766	48.8984214	15.8337819	0	0	0	0	3
73	31	0	1.0383958	101212.93	101207.674	101187.867	101236.766	48.8984214	15.8337819	0	0	0	0	3
74	31	0	1.0526204	101215.359	101207.695	101187.867	101236.766	48.8984214	15.8337819	0	0	0	0	3
75	32	0	1.066845	101217.338	101207.965	101187.867	101236.766	48.8984214	15.8337819	0	0	0	0	3
76	32	0	1.0810696	101218.892	101208.453	101187.867	101236.766	48.8984214	15.8337819	0	0	0	0	3
77	33	0	1.0952942	101220.245	101209.071	101187.867	101236.766	48.8984214	15.8337819	0	0	0	0	3
78	33	0	1.1095188	101221.316	101209.805	101187.867	101236.766	48.8984214	15.8337819	0	0	0	0	3
79	34	0	1.1237434	101222.224	101210.643	101187.867	101236.766	48.7838521	15.8337819	0	0	0	0	3
80	34	0	1.137968	101222.933	101211.56	101187.867	101236.766	48.7838521	15.8337819	0	0	0	0	3
81	35	0	1.1521926	101223.547	101212.534	101187.867	101236.766	48.7838521	15.8337819	0	0	0	0	3
82	35	0	1.1664172	101223.907	101213.535	101189.512	101236.766	47.2534058	15.8337819	0	0	0	0	3
83	36	0	1.1806418	101224.115	101214.497	101193.894	101236.766	42.8719137	15.8337819	0	0	0	0	3
84	36	0	1.1948664	101224.158	101215.337	101198.633	101236.766	38.132811	15.8337819	0	0	0	0	3
85	36	0	1.209091	101224.229	101215.962	101198.633	101236.766	38.132811	15.8337819	0	0	0	0	3
86	37	0	1.2233156	101224.213	101216.267	101198.633	101236.766	38.132811	15.8337819	0	0	0	0	3
87	37	0	1.2375402	101224.148	101216.218	101198.633	101236.766	38.132811	15.8337819	0	0	0	0	3
88	38	0	1.2517648	101224.005	101215.924	101198.633	101236.766	38.132811	15.8337819	0	0	0	0	3
89	38	0	1.2659894	101223.912	101215.567	101198.633	101235.141	36.5084472	15.8337819	0	0	0	0	3
90	39	0	1.280214	101223.809	101215.252	101198.633	101232.553	33.0197872	15.8337819	0	0	0	0	3
91	39	0	1.2944386	101223.709	101215.006	101198.633	101229.448	29.1153822	15.8337819	0	0	0	0	3
92	39	0	1.3086632	101223.564	101214.843	101198.633	101225.32	26.6142416	15.8337819	0	0	0	0	3
93	40	0	1.3228878	101223.527	101214.793	101198.633	101224.229	24.6401043	15.8337819	0	0	0	0	3
94	40	0	1.3371124	101223.536	101214.89	101198.633	101224.229	22.5931444	15.8337819	0	0	0	0	3
95	41	0	1.351337	101223.684	101215.147	101198.633	101224.229	20.2708152	15.8337819	0	0	0	0	3
96	41	0	1.3655616	101223.778	101215.549	101198.633	101224.229	17.7389079	15.8337819	0	0	0	0	3
97	42	0	1.3797862	101223.878	101216.074	101198.633	101224.229	15.2178563	15.8337819	0	0	0	0	3
98	42	0	1.3940108	101223.928	101216.689	101198.633	101224.229	12.8327517	15.8337819	0	0	0	0	3
99	42	0	1.4082354	101224.028	101217.364	101198.633	101224.229	10.623024	15.8337819	0	0	0	0	3
100	43	0	1.42246	101224.074	101218.067	101198.633	101224.229	10.3927848	15.8337819	0	0	0	0	3
101	44	0	1.4366846	101224.186	101218.777	101198.962	101224.229	11.1025829	15.8337819	0	0	0	0	3
102	44	0	1.4509092	101224.261	101219.479	101199.591	101224.261	11.8053313	15.8337819	0	0	0	0	3
103	44	0	1.4651338	101224.337	101220.167	101200.607	101224.337	12.4927128	15.8337819	0	0	0	0	3
104	45	0	1.4793584	101224.353	101220.826	101202.129	101224.353	13.1523334	15.8337819	0	0	0	0	3
105	45	0	1.493583	101224.407	101221.445	101204.316	101224.407	13.7711776	15.8337819	0	0	0	0	3
106	46	0	1.5078076	101224.442	101222.004	101207.108	101224.442	14.3302126	15.8337819	0	0	0	0	3
107	46	0	1.5220322	101224.63	101222.491	101210.076	101224.63	14.5547208	15.8337819	0	0	0	0	3
108	47	0	1.5362568	101224.8	101222.9	101212.93	101224.8	11.8696268	15.8337819	0	0	0	0	3
109	47	0	1.5504814	101224.97	101223.234	101215.359	101224.97	9.61109107	15.8337819	0	0	0	0	3
110	47	0	1.564706	101225.042	101223.503	101217.338	101225.042	7.70466101	15.8337819	0	0	0	0	3
111	48	0	1.5789306	101225.11	101223.719	101218.892	101225.11	6.2175465	15.8337819	0	0	0	0	3
112	48	0	1.5931552	101225.146	101223.893	101220.245	101225.146	4.90069553	15.8337819	0	0	0	0	3
113	49	0	1.6073798	101225.324	101224.034	101221.316	101225.324	4.0071396	15.8337819	0	0	0	0	3
114	49	0	1.6216044	101225.513	101224.151	101222.224	101225.513	3.28880504	15.8337819	0	0	0	0	3
115	49	0	1.635829	101225.671	101224.246	101222.933	101225.671	2.73812392	15.8337819	0	0	0	0	3
116	50	0	1.6500536	101225.69	101224.323	101223.527	101225.69	2.16237376	15.8337819	0	0	0	0	3
117	50	0	1.6642782	101225.716	101224.383	101223.527	101225.716	2.18907934	15.8337819	0	0	0	0	3
118	51	0	1.6785028	101225.66	101224.432	101223.527	101225.716	2.18907934	15.8337819	0	0	0	0	3
119	51	0	1.6927274	101225.7	101224.476	101223.527	101225.716	2.18907934	15.8337819	0	0	0	0	3
120	51	0	1.706952	101225.748	101224.52	101223.527	101225.748	2.2209924	15.8337819	0	0	0	0	3
121	52	0	1.7211766	101225.868	101224.566	101223.527	101225.868	2.34031167	15.8337819	0	0	0	0	3
122	52	0	1.7354012	101225.936	101224.614	101223.527	101225.936	2.40850781	15.8337819	0	0	0	0	3
123	53	0	1.7496258	101226.041	101224.666	101223.527	101226.041	2.51401326	15.8337819	0	0	0	0	3
124	53	0	1.7638504	101226.114	101224.725	101223.527	101226.114	2.587148	15.8337819	0	0	0	0	3
125	53	0	1.778075	101226.178	101224.788	101223.527	101226.178	2.65026892	15.8337819	0	0	0	0	3
126	54	0	1.7922996	101226.206	101224.854	101223.527	101226.206	2.6792047	15.8337819	0	0	0	0	3
127	54	0	1.8065242	101226.299	101224.926	101223.527	101226.299	2.77146895	15.8337819	0	0	0	0	3
128	55	0	1.8207488	101226.34	101225.003	101223.527	101226.34	2.81242291	15.8337819	0	0	0	0	3
129	55	0	1.8349734	101226.393	101225.083	101223.536	101226.393	2.8565413	15.8337819	0	0	0	0	3
